Target node
i=2

1a)
MatrixRSSTargetNode =
    Target    Anchors  RSS
    2.0000    1.0000  -48.6047
    2.0000    4.0000  -48.4623
    2.0000    7.0000  -50.5921

2a)
MatrixRSSTargetNode =

    2.0000    1.0000  -48.6047
    2.0000    4.0000  -48.4623
    2.0000    7.0000  -50.5921
    2.0000    1.0000  -48.6047
    2.0000    4.0000  -48.4623
    2.0000   20.0000  -49.9708
1a)   
MatrixRSSNeighborhood =
    Target    Neighbor   Anchor     RSS
    2.0000    1.0000    1.0000       Inf
    2.0000    1.0000    4.0000  -53.5697
    2.0000    1.0000    7.0000  -49.8634
____________________________________________
    2.0000    1.0000    1.0000       Inf
    2.0000    1.0000    4.0000  -53.5697
    2.0000    1.0000    7.0000  -49.8634
    2.0000    3.0000    1.0000  -38.8021
    2.0000    3.0000    4.0000  -51.0423
    2.0000    3.0000    7.0000  -47.6828
__________________________________________
    2.0000    1.0000    1.0000       Inf
    2.0000    1.0000    4.0000  -53.5697
    2.0000    1.0000    7.0000  -49.8634
    2.0000    3.0000    1.0000  -38.8021
    2.0000    3.0000    4.0000  -51.0423
    2.0000    3.0000    7.0000  -47.6828
    2.0000    4.0000    1.0000  -53.5697
    2.0000    4.0000    4.0000       Inf
    2.0000    4.0000    7.0000  -48.3749
___________________________________________
.
.
.
____________________________________________
    2.0000    1.0000    1.0000       Inf
    2.0000    1.0000    4.0000  -53.5697
    2.0000    1.0000    7.0000  -49.8634
    2.0000    3.0000    1.0000  -38.8021
    2.0000    3.0000    4.0000  -51.0423
    2.0000    3.0000    7.0000  -47.6828
    2.0000    4.0000    1.0000  -53.5697
    2.0000    4.0000    4.0000       Inf
    2.0000    4.0000    7.0000  -48.3749
    2.0000    5.0000    1.0000  -50.6673
    2.0000    5.0000    4.0000  -40.3368
    2.0000    5.0000    7.0000  -43.7986
    2.0000    7.0000    1.0000  -49.8634
    2.0000    7.0000    4.0000  -48.3749
    2.0000    7.0000    7.0000       Inf
    2.0000   17.0000    1.0000  -57.3481
    2.0000   17.0000    4.0000  -54.4864
    2.0000   17.0000    7.0000  -57.9485
    2.0000   18.0000    1.0000  -56.3121
    2.0000   18.0000    4.0000  -50.3017
    2.0000   18.0000    7.0000  -55.7211
    2.0000   19.0000    1.0000  -54.0820
    2.0000   19.0000    4.0000  -47.0363
    2.0000   19.0000    7.0000  -53.3900
    2.0000   20.0000    1.0000  -56.0094
    2.0000   20.0000    4.0000  -52.9516
    2.0000   20.0000    7.0000  -56.7042
    2.0000   22.0000    1.0000  -56.1167
    2.0000   22.0000    4.0000  -44.7336
    2.0000   22.0000    7.0000  -53.6005

________________________________________

2a)

MatrixRSSNeighborhood =

    2.0000    1.0000    1.0000       Inf
    2.0000    1.0000    4.0000  -53.5697
    2.0000    1.0000    7.0000  -49.8634
    2.0000    3.0000    1.0000  -38.8021
    2.0000    3.0000    4.0000  -51.0423
    2.0000    3.0000    7.0000  -47.6828
    2.0000    4.0000    1.0000  -53.5697
    2.0000    4.0000    4.0000       Inf
    2.0000    4.0000    7.0000  -48.3749
    2.0000    5.0000    1.0000  -50.6673
    2.0000    5.0000    4.0000  -40.3368
    2.0000    5.0000    7.0000  -43.7986
    2.0000    7.0000    1.0000  -49.8634
    2.0000    7.0000    4.0000  -48.3749
    2.0000    7.0000    7.0000       Inf
    2.0000   17.0000    1.0000  -57.3481
    2.0000   17.0000    4.0000  -54.4864
    2.0000   17.0000    7.0000  -57.9485
    2.0000   18.0000    1.0000  -56.3121
    2.0000   18.0000    4.0000  -50.3017
    2.0000   18.0000    7.0000  -55.7211
    2.0000   19.0000    1.0000  -54.0820
    2.0000   19.0000    4.0000  -47.0363
    2.0000   19.0000    7.0000  -53.3900
    2.0000   20.0000    1.0000  -56.0094
    2.0000   20.0000    4.0000  -52.9516
    2.0000   20.0000    7.0000  -56.7042
    2.0000   22.0000    1.0000  -56.1167
    2.0000   22.0000    4.0000  -44.7336
    2.0000   22.0000    7.0000  -53.6005
    2.0000    1.0000    1.0000       Inf
    2.0000    1.0000    4.0000  -53.5697
    2.0000    1.0000   20.0000  -56.0094

InsideorOutside =
   Target  I/O    Anchors
    
     2     1     1     4     7
     2     1     1     4     7
     2     1     1     4     7
     2     1     1     4     7
     2     1     1     4     7
     2     1     1     4     7
     2     1     1     4     7
     2     1     1     4     7
     2     1     1     4     7
     2     1     1     4     7

_________________________________________


MatrixRSSTargetNode =

    2.0000    1.0000  -48.6047
    2.0000    4.0000  -48.4623
    2.0000    7.0000  -50.5921
    2.0000    1.0000  -48.6047
    2.0000    4.0000  -48.4623
    2.0000   20.0000  -49.9708
    2.0000    1.0000  -48.6047
    2.0000    7.0000  -50.5921
    2.0000   20.0000  -49.9708
    2.0000    4.0000  -48.4623
    2.0000    7.0000  -50.5921
    2.0000   20.0000  -49.9708


MatrixRSSNeighborhood =

    2.0000    1.0000    1.0000       Inf
    2.0000    1.0000    4.0000  -53.5697
    2.0000    1.0000    7.0000  -49.8634
    2.0000    3.0000    1.0000  -38.8021
    2.0000    3.0000    4.0000  -51.0423
    2.0000    3.0000    7.0000  -47.6828
    2.0000    4.0000    1.0000  -53.5697
    2.0000    4.0000    4.0000       Inf
    2.0000    4.0000    7.0000  -48.3749
    2.0000    5.0000    1.0000  -50.6673
    2.0000    5.0000    4.0000  -40.3368
    2.0000    5.0000    7.0000  -43.7986
    2.0000    7.0000    1.0000  -49.8634
    2.0000    7.0000    4.0000  -48.3749
    2.0000    7.0000    7.0000       Inf
    2.0000   17.0000    1.0000  -57.3481
    2.0000   17.0000    4.0000  -54.4864
    2.0000   17.0000    7.0000  -57.9485
    2.0000   18.0000    1.0000  -56.3121
    2.0000   18.0000    4.0000  -50.3017
    2.0000   18.0000    7.0000  -55.7211
    2.0000   19.0000    1.0000  -54.0820
    2.0000   19.0000    4.0000  -47.0363
    2.0000   19.0000    7.0000  -53.3900
    2.0000   20.0000    1.0000  -56.0094
    2.0000   20.0000    4.0000  -52.9516
    2.0000   20.0000    7.0000  -56.7042
    2.0000   22.0000    1.0000  -56.1167
    2.0000   22.0000    4.0000  -44.7336
    2.0000   22.0000    7.0000  -53.6005
    2.0000    1.0000    1.0000       Inf
    2.0000    1.0000    4.0000  -53.5697
    2.0000    1.0000   20.0000  -56.0094
    2.0000    3.0000    1.0000  -38.8021
    2.0000    3.0000    4.0000  -51.0423
    2.0000    3.0000   20.0000  -54.5471
    2.0000    4.0000    1.0000  -53.5697
    2.0000    4.0000    4.0000       Inf
    2.0000    4.0000   20.0000  -52.9516
    2.0000    5.0000    1.0000  -50.6673
    2.0000    5.0000    4.0000  -40.3368
    2.0000    5.0000   20.0000  -53.6927
    2.0000    7.0000    1.0000  -49.8634
    2.0000    7.0000    4.0000  -48.3749
    2.0000    7.0000   20.0000  -56.7042
    2.0000   17.0000    1.0000  -57.3481
    2.0000   17.0000    4.0000  -54.4864
    2.0000   17.0000   20.0000  -36.8734
    2.0000   18.0000    1.0000  -56.3121
    2.0000   18.0000    4.0000  -50.3017
    2.0000   18.0000   20.0000  -42.1608
    2.0000   19.0000    1.0000  -54.0820
    2.0000   19.0000    4.0000  -47.0363
    2.0000   19.0000   20.0000  -44.9124
    2.0000   20.0000    1.0000  -56.0094
    2.0000   20.0000    4.0000  -52.9516
    2.0000   20.0000   20.0000       Inf
    2.0000   22.0000    1.0000  -56.1167
    2.0000   22.0000    4.0000  -44.7336
    2.0000   22.0000   20.0000  -50.1185
    2.0000    1.0000    1.0000       Inf
    2.0000    1.0000    7.0000  -49.8634
    2.0000    1.0000   20.0000  -56.0094
    2.0000    3.0000    1.0000  -38.8021
    2.0000    3.0000    7.0000  -47.6828
    2.0000    3.0000   20.0000  -54.5471
    2.0000    4.0000    1.0000  -53.5697
    2.0000    4.0000    7.0000  -48.3749
    2.0000    4.0000   20.0000  -52.9516
    2.0000    5.0000    1.0000  -50.6673
    2.0000    5.0000    7.0000  -43.7986
    2.0000    5.0000   20.0000  -53.6927
    2.0000    7.0000    1.0000  -49.8634
    2.0000    7.0000    7.0000       Inf
    2.0000    7.0000   20.0000  -56.7042
    2.0000   17.0000    1.0000  -57.3481
    2.0000   17.0000    7.0000  -57.9485
    2.0000   17.0000   20.0000  -36.8734
    2.0000   18.0000    1.0000  -56.3121
    2.0000   18.0000    7.0000  -55.7211
    2.0000   18.0000   20.0000  -42.1608
    2.0000   19.0000    1.0000  -54.0820
    2.0000   19.0000    7.0000  -53.3900
    2.0000   19.0000   20.0000  -44.9124
    2.0000   20.0000    1.0000  -56.0094
    2.0000   20.0000    7.0000  -56.7042
    2.0000   20.0000   20.0000       Inf
    2.0000   22.0000    1.0000  -56.1167
    2.0000   22.0000    7.0000  -53.6005
    2.0000   22.0000   20.0000  -50.1185
    2.0000    1.0000    4.0000  -53.5697
    2.0000    1.0000    7.0000  -49.8634
    2.0000    1.0000   20.0000  -56.0094
    2.0000    3.0000    4.0000  -51.0423
    2.0000    3.0000    7.0000  -47.6828
    2.0000    3.0000   20.0000  -54.5471
    2.0000    4.0000    4.0000       Inf
    2.0000    4.0000    7.0000  -48.3749
    2.0000    4.0000   20.0000  -52.9516
    2.0000    5.0000    4.0000  -40.3368
    2.0000    5.0000    7.0000  -43.7986
    2.0000    5.0000   20.0000  -53.6927
    2.0000    7.0000    4.0000  -48.3749
    2.0000    7.0000    7.0000       Inf
    2.0000    7.0000   20.0000  -56.7042
    2.0000   17.0000    4.0000  -54.4864
    2.0000   17.0000    7.0000  -57.9485
    2.0000   17.0000   20.0000  -36.8734
    2.0000   18.0000    4.0000  -50.3017
    2.0000   18.0000    7.0000  -55.7211
    2.0000   18.0000   20.0000  -42.1608
    2.0000   19.0000    4.0000  -47.0363
    2.0000   19.0000    7.0000  -53.3900
    2.0000   19.0000   20.0000  -44.9124
    2.0000   20.0000    4.0000  -52.9516
    2.0000   20.0000    7.0000  -56.7042
    2.0000   20.0000   20.0000       Inf
    2.0000   22.0000    4.0000  -44.7336
    2.0000   22.0000    7.0000  -53.6005
    2.0000   22.0000   20.0000  -50.1185


InsideorOutside =

     2     1     1     4     7
     2     1     1     4     7
     2     1     1     4     7
     2     1     1     4     7
     2     1     1     4     7
     2     1     1     4     7
     2     1     1     4     7
     2     1     1     4     7
     2     1     1     4     7
     2     1     1     4     7
     2     1     1     4    20
     2     1     1     4    20
     2     1     1     4    20
     2     1     1     4    20
     2     1     1     4    20
     2     1     1     4    20
     2     1     1     4    20
     2     1     1     4    20
     2     1     1     4    20
     2     1     1     4    20
     2     1     1     7    20
     2     1     1     7    20
     2     1     1     7    20
     2     1     1     7    20
     2     1     1     7    20
     2     1     1     7    20
     2     1     1     7    20
     2     1     1     7    20
     2     1     1     7    20
     2     1     1     7    20
     2     1     4     7    20
     2     1     4     7    20
     2     1     4     7    20
     2     1     4     7    20
     2     1     4     7    20
     2     1     4     7    20
     2     1     4     7    20
     2     1     4     7    20
     2     1     4     7    20
     2     1     4     7    20
______________________________________________________