Error 	Error_2		Error_total			N1		N2
40
0.7573	0.7462		0.7495                  12		28
0.7353	0.8793		0.8254			36		55
0.7421	0.7746		0.7653			32		13
0.8172	0.8120		0.8139			22          38
0.6718  	0.8659            0.7874	            20          26
60
0.7124 	0.8221            0.7742			54		65
0.7976	0.7963            0.7969			41          49
0.6767	0.7925            0.7405			52		59
0.6315      0.7909            0.7369			44		77
0.7304      0.7873            0.7601	            55          58
80
0.6375	0.7549	      0.6971			77		73
0.7229	0.7501	      0.7412			43		86
0.7098      0.8876	      0.7745			92		47
0.6595	0.8258	      0.7394			81		67
0.7605	0.7930	      0.7778			83		93
100
0.7295	0.7928		0.7492			129		56
0.7238	0.8792		0.7775			121		58
0.7414	0.7738		0.7509			130		53
0.7152	0.8742		0.7624			131		50
0.6839	0.7470		0.7026			124		50
120
0.7237	0.8527		0.7621			136		53
0.7544	0.8117		0.7687			147		47
0.7433	0.8646		0.7724			144		42
0.7496	0.8421		0.7716			146		43
0.6966	0.7989		0.7238			139		47
 
